04


04




























04































0000280000000000

0000000000000000

0000280000000000

0000000000000000

0000280000000000

0000000000000000

0000160000000000

0000000000000000

0000180000000000

0000000000000000

0000070000000000

0000071200000000

0000120000000000

0000122c00000000

00002c0000000000

0000040000000000

0000041300000000

0000130000000000

0000000000000000

0000170000000000

0000000000000000

00002d0000000000

0000000000000000

00000a0000000000

0000000000000000

0000080000000000

0000081700000000

0000170000000000

0000172c00000000

00002c0000000000

0000000000000000

0000180000000000

0000181300000000

0000181307000000

0000071300000000

0000130400000000

0000040000000000

0000041700000000

0000081700000000

0000080000000000

0000000000000000

0000280000000000

0000000000000000

0000180000000000

0000181600000000

0000160000000000

0000160800000000

0000160815000000

0000150800000000

0000150000000000

0000000000000000

0000280000000000

0000000000000000

0000160000000000

0000000000000000

0000180000000000

0000180700000000

0000070000000000

0000000000000000

0000120000000000

0000122c00000000

00002c0000000000

0000000000000000

0000040000000000

0000041300000000

0000130000000000

0000000000000000

0000170000000000

0000000000000000

00002d0000000000

0000000000000000

00000a0000000000

0000000000000000

0000080000000000

0000081700000000

0000170000000000

0000172c00000000

00002c0000000000

0000000000000000

00000c0000000000

00000c1100000000

00000c1116000000

0000161100000000

0000160000000000

0000000000000000

0000170000000000

0000170400000000

0000040000000000

0000040f00000000

0000040000000000

0000000000000000

00000f0000000000

00000f2c00000000

00002c0000000000

00002c1a00000000

00001a0000000000

00001a0800000000

0000080000000000

0000000000000000

0000080000000000

0000000000000000

0000060000000000

0000000000000000

00000b0000000000

00000b0400000000

0000040000000000

0000041700000000

0000170000000000

0000000000000000

0000280000000000

0000000000000000

0200000000000000

02001c0000000000

0200000000000000

0000000000000000

0000280000000000

0000000000000000

00001a0000000000

00001a0800000000

0000080000000000

0000000000000000

0000080000000000

0000000000000000

0000060000000000

0000000000000000

00000b0000000000

00000b0400000000

0000040000000000

0000000000000000

0000170000000000

0000000000000000

0000280000000000

0000000000000000

0000380000000000

0000000000000000

0000060000000000

0000000000000000

0000120000000000

0000121100000000

0000110000000000

0000000000000000

0000110000000000

0000000000000000

0000080000000000

0000080600000000

0000060000000000

0000000000000000

0000170000000000

0000000000000000

00002c0000000000

0000000000000000

0000060000000000

0000000000000000

00000b0000000000

00000b0400000000

0000040000000000

0000041700000000

0000170000000000

0000000000000000

0000370000000000

0000000000000000

0000090000000000

0000000000000000

0000150000000000

0000150800000000

0000150000000000

0000000000000000

0000080000000000

0000000000000000

0000110000000000

0000111200000000

0000120000000000

0000120700000000

0000070000000000

0000000000000000

0000080000000000

0000083700000000

0000370000000000

0000000000000000

0000110000000000

0000110800000000

0000080000000000

0000081700000000

0000170000000000

0000000000000000

0000280000000000

0000000000000000

0000380000000000

0000000000000000

0000160000000000

0000160800000000

0000160815000000

0000150800000000

0000150000000000

0000000000000000

0000190000000000

0000000000000000

0000080000000000

0000081500000000

0000150000000000

0000152c00000000

00002c0000000000

0000040000000000

0000040700000000

0000000000000000

0000070000000000

0000000000000000

00002c0000000000

0000000000000000

0000090000000000

0000000000000000

0000150000000000

0000150800000000

0000000000000000

0000080000000000

0000000000000000

0000110000000000

0000111200000000

0000120000000000

0000120700000000

0000070000000000

0000000000000000

0000080000000000

0000000000000000

00002c0000000000

0000000000000000

0000060000000000

0000000000000000

00000b0000000000

00000b0400000000

0000040000000000

0000041700000000

0000170000000000

0000000000000000

0000370000000000

0000000000000000

0000090000000000

0000000000000000

0000150000000000

0000150800000000

0000000000000000

0000080000000000

0000000000000000

0000110000000000

0000111200000000

0000120000000000

0000120700000000

0000120000000000

0000000000000000

0000080000000000

0000000000000000

0000370000000000

0000000000000000

0000110000000000

0000000000000000

0000080000000000

0000081700000000

0000170000000000

0000000000000000

0000280000000000

0000000000000000

2000380000000000

0000380000000000

0000000000000000

00002a0000000000

0000000000000000

0000380000000000

0000000000000000

0000060000000000

0000000000000000

0000120000000000

0000121100000000

0000110000000000

0000000000000000

0000110000000000

0000000000000000

0000080000000000

0000080600000000

0000060000000000

0000000000000000

0000170000000000

0000000000000000

00002c0000000000

0000000000000000

0000090000000000

0000000000000000

0000150000000000

0000150800000000

0000150000000000

0000000000000000

0000080000000000

0000000000000000

0000110000000000

0000111200000000

0000120000000000

0000120700000000

0000070000000000

0000000000000000

0000080000000000

0000000000000000

0000280000000000

0000000000000000

0000380000000000

0000000000000000

0000110000000000

00000c0000000000

0000000000000000

0000060000000000

0000060e00000000

00000e0000000000

0000000000000000

00002c0000000000

0000000000000000

00000a0000000000

0000000000000000

0000120000000000

0000000000000000

0000120000000000

0000000000000000

0000160000000000

0000160800000000

0000080000000000

0000000000000000

0000280000000000

0000000000000000

0000380000000000

0000000000000000

0000110000000000

00000c0000000000

0000000000000000

0000060000000000

0000060e00000000

00000e0000000000

0000000000000000

00002c0000000000

0000000000000000

0000170000000000

0000000000000000

00000b0000000000

0000000000000000

0000080000000000

0000000000000000

00000a0000000000

0000000000000000

00000b0000000000

0000000000000000

0000120000000000

0000000000000000

0000120000000000

0000000000000000

0000160000000000

0000160800000000

0000000000000000

00002a0000000000

0000000000000000

00002a0000000000

0000000000000000

00002a0000000000

0000000000000000

00002a0000000000

0000000000000000

00002a0000000000

0000000000000000

0000120000000000

0000000000000000

0000120000000000

0000000000000000

0000160000000000

0000160800000000

0000080000000000

0000000000000000

0000280000000000

0000000000000000

0000380000000000

0000000000000000

0000100000000000

0000000000000000

0000160000000000

00000a0000000000

0000000000000000

00002c0000000000

0000000000000000

00000b0000000000

00000b0400000000

0000040000000000

0000040f00000000

00000f0000000000

0000000000000000

0000260000000000

0000262700000000

0000270000000000

0000000000000000

0000270000000000

0000000000000000

0000270000000000

0000000000000000

0000280000000000

0000000000000000

0000380000000000

0000000000000000

0000140000000000

0000180000000000

0000000000000000

0000080000000000

0000081500000000

0000150000000000

0000151c00000000

00001c0000000000

00001c2c00000000

00002c0000000000

0000000000000000

00000b0000000000

00000b0400000000

0000040000000000

0000040f00000000

00000f0000000000

0000000000000000

0000260000000000

0000262700000000

0000270000000000

0000000000000000

0000270000000000

0000000000000000

0000270000000000

0000000000000000

0000280000000000

0000000000000000

0000170000000000

00000c1600000000

0000160000000000

0000000000000000

00002c0000000000

0000000000000000

00002a0000000000

0000000000000000

00002a0000000000

0000000000000000

00002a0000000000

0000000000000000

00002a0000000000

0000000000000000

00002a0000000000

0000000000000000

0000170000000000

0000000000000000

00000b0000000000

00000b0c00000000

00000c0000000000

00000c1600000000

0000160000000000

0000000000000000

00002c0000000000

0000000000000000

0000100000000000

0000000000000000

00000c0000000000

0000000000000000

0000160000000000

0000000000000000

0000160000000000

0000160c00000000

0000120000000000

0000121100000000

0000110000000000

0000112c00000000

00002c0000000000

00002c0c00000000

00000c0000000000

0000000000000000

0000160000000000

0000000000000000

00002c0000000000

0000000000000000

0000170000000000

0000000000000000

0000120000000000

0000000000000000

0000120000000000

0000000000000000

00002c0000000000

0000000000000000

00000c0000000000

00000c1000000000

0000100000000000

0000101300000000

0000130000000000

0000131200000000

0000120000000000

0000000000000000

0000150000000000

0000000000000000

0000170000000000

0000170400000000

0000040000000000

0000110000000000

0000000000000000

0000170000000000

0000000000000000

00002c0000000000

0000090000000000

0000120000000000

0000000000000000

0000150000000000

0000000000000000

00002c0000000000

0000000000000000

0000100000000000

0000000000000000

0000080000000000

0000000000000000

00002c0000000000

0000000000000000

0000170000000000

0000000000000000

0000120000000000

0000122c00000000

00002c0000000000

00002c0400000000

0000040000000000

0000000000000000

00000f0000000000

0000000000000000

00000f0000000000

0000000000000000

0000120000000000

0000000000000000

00001a0000000000

00002c0000000000

00002c1c00000000

00001c0000000000

0000000000000000

0000120000000000

0000121800000000

0000180000000000

0000182c00000000

00002c0000000000

00002c1700000000

0000170000000000

0000000000000000

0000120000000000

0000122c00000000

00002c0000000000

0000000000000000

00000d0000000000

0000000000000000

0000080000000000

0000000000000000

0000120000000000

0000130000000000

0000130400000000

0000040000000000

0000041500000000

0000150000000000

0000150700000000

0000070000000000

0000000000000000

00000c0000000000

0000000000000000

00001d0000000000

00001d0800000000

0000080000000000

0000000000000000

00002c0000000000

00002c0c00000000

00000c0000000000

00000c1700000000

0000170000000000

0000000000000000

0000280000000000

0000000000000000

0000090000000000

0000000000000000

00000f0000000000

0000000000000000

0000040000000000

0000040a00000000

00000a0000000000

0000000000000000

00002c0000000000

0000000000000000

0200000000000000

0000000000000000

00001a0000000000

0000000000000000

0000120000000000

0000000000000000

00001a0000000000

0000000000000000

00000a0000000000

0000000000000000

0000120000000000

0000000000000000

0000120000000000

0000000000000000

0000070000000000

0000000000000000

0000180000000000

0000181600000000

0000160000000000

0000000000000000

0000050000000000

0000000000000000

0000070000000000

0000000000000000

0000080000000000

0000000000000000

0000170000000000

0000170800000000

0000080000000000

0000000000000000

0000060000000000

0000000000000000

0000170000000000

0000000000000000

00000c0000000000

0000000000000000

0000190000000000

0000190800000000

0000080000000000

0000000000000000

00001a0000000000

0000120000000000

0000150000000000

0000150e00000000

00000e0000000000

0000000000000000

0000280000000000

0000000000000000

